-45.69 -0.18
-45.34 -0.18
-45.17 -0.13
-45.90 -0.21
-45.32 -0.14
-45.08 -0.28
-45.44 -0.32
-45.84 -0.18
-45.66 -0.27
-45.41 -0.13
-45.55 -0.31
-45.72 -0.40
-45.31 -0.27
-45.54 -0.26
-45.72 -0.18
-45.79 -0.31
-45.47 -0.34
-45.67 -0.21
-46.07 -0.19
-45.92 -0.20
-45.14 -0.28
-45.74 -0.23
-45.88 -0.30
-45.33 -0.20
-45.29 -0.04
-45.87 -0.27
-45.59 -0.29
-45.41 -0.14
-45.23 -0.16
-45.69 -0.26
-45.20 -0.26
-45.24 -0.21
-45.59 -0.21
-45.61 -0.23
-45.42 -0.32
-45.94 -0.21
-45.89 -0.22
-45.59 -0.22
-45.56 -0.24
-45.68 -0.28
-45.76 -0.21
-45.10 -0.27
-45.72 -0.38
-46.20 -0.31
-45.57 -0.35
-45.11 -0.34
-45.94 0.01
-45.83 -0.30
-45.33 -0.18
-45.70 -0.19
-45.79 -0.19
-45.35 -0.46
-45.10 -0.24
-45.64 -0.21
-45.57 -0.21
-45.43 -0.34
-45.53 -0.24
-46.09 -0.08
-45.21 -0.30
-45.58 -0.29
-45.52 -0.39
-45.92 -0.20
-45.41 -0.21
-45.51 -0.24
-45.96 -0.40
-45.36 -0.27
-45.56 -0.27
-45.60 -0.20
-45.51 -0.28
-45.24 -0.29
-45.27 -0.21
-45.74 -0.24
-45.79 -0.34
-45.31 -0.31
-45.10 -0.05
-45.88 -0.24
-45.37 -0.35
-45.32 -0.30
-45.83 -0.15
-45.78 -0.39
-45.37 -0.27
-45.74 -0.27
-46.25 -0.26
-45.40 -0.37
-45.52 -0.16
-45.56 -0.27
-45.62 -0.24
-45.32 -0.23
-45.37 -0.18
-45.85 -0.43
-45.47 -0.11
-45.23 -0.19
-45.06 -0.40
-45.53 -0.29
-45.25 -0.34
-45.27 -0.24
-46.10 -0.22
-45.69 -0.09
-45.45 -0.21
-45.64 -0.18
-45.79 -0.46
-45.60 -0.24
-45.31 -0.37
-45.57 -0.24
-45.83 -0.39
-45.59 -0.18
-45.47 -0.19
-45.73 -0.29
-45.44 -0.27
-45.48 -0.37
-45.83 -0.30
-45.57 -0.35
-45.44 -0.31
-45.60 -0.21
-45.60 -0.23
-45.10 -0.21
-45.46 -0.38
-45.86 -0.24
-45.56 -0.24
-45.53 -0.14
-46.06 -0.14
-45.49 -0.34
-45.17 -0.31
-45.40 -0.29
-46.09 -0.27
-45.52 -0.23
-45.32 -0.24
-45.35 -0.24
-45.84 -0.21
-45.42 -0.32
-45.50 -0.32
-45.66 -0.27
-45.48 -0.10
-45.41 -0.23
-45.75 -0.20
-46.02 -0.33
-45.11 -0.27
-45.20 -0.15
-45.55 -0.23
-45.52 -0.27
-45.16 -0.18
-45.74 -0.30
-45.75 -0.28
-45.55 -0.22
-45.40 -0.08
-45.88 -0.19
-45.21 -0.34
-45.23 -0.16
-45.71 -0.09
-45.76 -0.30
-45.36 -0.41
-45.64 -0.32
-45.72 -0.32
-45.57 -0.26
-45.55 -0.27
-45.90 -0.22
-45.66 -0.30
-45.45 -0.24
-45.32 -0.13
-46.08 -0.16
-45.83 -0.33
-45.21 -0.17
-45.67 -0.18
-45.78 -0.21
-45.35 -0.30
-45.52 -0.27
-45.95 -0.20
-45.64 -0.36
-45.29 -0.23
-45.71 -0.27
-45.52 -0.32
-45.62 -0.30
-45.53 -0.18
-45.86 -0.24
-45.35 -0.14
-45.47 -0.31
-45.51 -0.18
-45.62 -0.30
-45.56 -0.24
-45.59 -0.21
-45.68 -0.24
-45.32 -0.18
-45.25 -0.11
-45.80 -0.21
-45.73 -0.21
-45.20 -0.21
-45.70 -0.27
-46.00 -0.24
-45.78 -0.20
-45.37 -0.30
-45.72 -0.27
-45.48 -0.19
-45.20 -0.11
-45.33 -0.25
-45.70 -0.17
-45.79 -0.31
-45.46 -0.26
-45.55 -0.23
-45.70 -0.27
-45.24 -0.24
-45.76 -0.27
-45.96 -0.16
-45.85 -0.12
-45.69 -0.20
-45.66 -0.37
-45.87 -0.33
-45.15 -0.14
-45.78 -0.16
-45.92 -0.45
-45.61 -0.15
-45.52 -0.24
-45.53 -0.24
-45.58 -0.16
-45.20 -0.27
-45.37 -0.08
-45.77 -0.38
-45.65 -0.16
-45.39 -0.30
-45.77 -0.17
-45.20 -0.23
-45.43 -0.25
-45.99 -0.30
-45.97 -0.18
-45.15 -0.22
-45.41 -0.30
-45.83 -0.27
-45.93 -0.26
-45.14 -0.18
-45.30 -0.32
-45.70 -0.27
-45.27 -0.14
-45.16 -0.21
-45.76 -0.34
-45.83 -0.24
-45.12 -0.21
-45.56 -0.08
-45.49 -0.25
-45.20 -0.22
-45.51 -0.40
-45.57 -0.24
-45.74 -0.17
-45.36 -0.21
-45.56 -0.26
-45.54 -0.34
-45.28 -0.23
-45.46 -0.13
-45.69 -0.22
-45.78 -0.21
-45.37 -0.29
-45.47 -0.18
-46.20 -0.14
-45.35 -0.40
-45.33 -0.27
-45.59 -0.32
-45.62 -0.36
-45.16 -0.06
-46.13 -0.20
-45.58 -0.24
-45.50 -0.40
-45.69 -0.18
-45.96 -0.32
-45.49 -0.20
-45.17 -0.15
-45.40 -0.50
-45.69 -0.07
-44.90 -0.26
-45.45 -0.29
-45.75 -0.23
-45.45 -0.21
-45.32 -0.31
-45.89 -0.34
-45.80 -0.14
-45.03 -0.24
-45.51 -0.30
-45.89 -0.13
